{
 "cells": [
  {
   "cell_type": "markdown",
   "metadata": {},
   "source": [
    "# Espaços de Sequências\n",
    "Genomas são sequèncias de 4 nucleotídeos, denotados pelas letras A (adenina), C (citosina), T (timina) e G (guanina). Toda a informação codificada nesta sequência (genótipo) é transmitida de geração para geração, quase que perfeitamente. Durante a reprodução, dos organismos, processos geradores de variabilidade tais como mutação e recombinação podem introduzir \"erros\" no processo de cópia do genoma. Genomas de Comprimento L permitem $4^L$ sequencias diferentes. Modelos computacionais  de evolução de sequências frequentemente simplificam esta representação para sequências binárias cuja manipulação é mais natural em computadores.\n",
    "\n",
    "A figura abaixo mostra um exemplo de um espaço de sequências binárias, particularmente para uma sequencia de comprimento 3, $L=3$. Para sequências deste tamanho, o espaço consiste em reticulado dem 3 dimensões no qual cada vértice representa uma sequência possível. Cada dimensão no espaço de sequências assim definido, contém tantos pontos quantos valores possíveis para cada locus da sequencia. Logo, para sequências de DNA, são 4 pontos e para sequências binárias, 2. Para representar o genoma humano precisaríamos de cerca de 3 bilhões de dimensões.\n",
    "\n",
    "![sequence space](sequence-space.png)\n",
    "\n",
    "A distância entre duas sequências no espaço de sequências como o ilustrado acima é o caminho mais curto, passando pelas arestas do reticulado (e não pelas diagonais). Assim, temos que a distância entre $000$ e $110$  é $2$ e não $\\sqrt{2}$ (pela distância Euclidiana) . Esta distância é chamada de distância de Hamming, ou distância de Manhattan.\n",
    "\n",
    "## A Equação da Quasi-Espécie\n",
    "Com o conceito de sequência como uma série de elementos que podem sofrer mutação ou outros tipos de error de replicação durante a reprodução, Podemos introduzir o conceito de quasi-espécie que é o conjunto de variantes de sequências em uma população que podem pretencer a uma mesma espécie biológica. Se atribuirmos um fitness  $f_i$ ao genoma i de uma população infinita de de indivíduos de genoma com comprimento L, podemos escrever a equação da quasi-espécie:\n",
    "\n",
    "$$\\dot{x}_i=\\sum_{j=0}^n x_j f_j q_{ji}−\\phi x_i$$\n",
    " \n",
    "\n",
    "Onde $Q$ é a matrix de mutação, como vimos anteriormente. Caso não haja erros na reprodução, a matriz de mutação é a matriz identidade e a equação da Quasi-espécie se reduz à equação da seleção, vista anteriormente. Caso existam erros, e algum $f_i$ seja maior do que os demais, o equilíbrio não maximiza o fitness médio da população. \n",
    "\n",
    "Na equação acima, é comum combinar o vetor $\\overrightarrow{f}$  com a matrix $Q$, para obter a matrix de mutação-seleção, $W$:\n",
    "\n",
    "$$W=[w_{ij}]=\\left[f_j q_{ji}\\right].$$\n",
    "Assim em notação vetorial, \n",
    "\n",
    "$$\\dot{\\overrightarrow{x}}=\\overrightarrow{x} W−\\phi \\overrightarrow{x}$$ \n",
    "cujo equilíbrio é dado por:\n",
    "\n",
    "$$\\overrightarrow{x} W=\\phi \\overrightarrow{x}$$ \n",
    "\n",
    "#### Exercício 1:\n",
    "Mostre por meio de simulação que o fitness médio da população é menor que o fitness da sequência com maior $f$, quando a matrix $Q$ é diferente da identidade."
   ]
  },
  {
   "cell_type": "code",
   "execution_count": 1,
   "metadata": {
    "ExecuteTime": {
     "end_time": "2021-10-06T12:13:31.387568Z",
     "start_time": "2021-10-06T12:13:31.380740Z"
    }
   },
   "outputs": [],
   "source": [
    "%display typeset"
   ]
  },
  {
   "cell_type": "code",
   "execution_count": 2,
   "metadata": {
    "ExecuteTime": {
     "end_time": "2021-10-06T12:13:38.888803Z",
     "start_time": "2021-10-06T12:13:38.405896Z"
    }
   },
   "outputs": [
    {
     "data": {
      "text/html": [
       "<html><script type=\"math/tex; mode=display\">\\newcommand{\\Bold}[1]{\\mathbf{#1}}\\left(\\begin{array}{rrrrrr}\n",
       "0.34439944715935816 & 0.20942515335657008 & 0.07291730805590858 & 0.1964095742930142 & 0.017276038753472552 & 0.1595724783816765 \\\\\n",
       "0.1407283370408197 & 0.37340428909713097 & 0.022240364812021057 & 0.07048105490363249 & 0.19293026292396273 & 0.20021569122243316 \\\\\n",
       "0.06705345268863451 & 0.1432300367550686 & 0.28781588896814325 & 0.08983729874236686 & 0.21453492240056 & 0.1975284004452268 \\\\\n",
       "0.25075160820209336 & 0.04213624017259127 & 0.19506922694823764 & 0.37827341769137557 & 0.045366648239725464 & 0.08840285874597655 \\\\\n",
       "0.15026592836664554 & 0.19330645863575716 & 0.03678244550457313 & 0.010865434117902788 & 0.4904660643772306 & 0.11831366899789092 \\\\\n",
       "0.06526320113240203 & 0.21076650018949555 & 0.1884910234519407 & 0.10516628465575893 & 0.06488921102911993 & 0.3654237795412828\n",
       "\\end{array}\\right)</script></html>"
      ],
      "text/latex": [
       "$$\\newcommand{\\Bold}[1]{\\mathbf{#1}}\\left(\\begin{array}{rrrrrr}\n",
       "0.34439944715935816 & 0.20942515335657008 & 0.07291730805590858 & 0.1964095742930142 & 0.017276038753472552 & 0.1595724783816765 \\\\\n",
       "0.1407283370408197 & 0.37340428909713097 & 0.022240364812021057 & 0.07048105490363249 & 0.19293026292396273 & 0.20021569122243316 \\\\\n",
       "0.06705345268863451 & 0.1432300367550686 & 0.28781588896814325 & 0.08983729874236686 & 0.21453492240056 & 0.1975284004452268 \\\\\n",
       "0.25075160820209336 & 0.04213624017259127 & 0.19506922694823764 & 0.37827341769137557 & 0.045366648239725464 & 0.08840285874597655 \\\\\n",
       "0.15026592836664554 & 0.19330645863575716 & 0.03678244550457313 & 0.010865434117902788 & 0.4904660643772306 & 0.11831366899789092 \\\\\n",
       "0.06526320113240203 & 0.21076650018949555 & 0.1884910234519407 & 0.10516628465575893 & 0.06488921102911993 & 0.3654237795412828\n",
       "\\end{array}\\right)$$"
      ],
      "text/plain": [
       "[ 0.34439944715935816  0.20942515335657008  0.07291730805590858   0.1964095742930142 0.017276038753472552   0.1595724783816765]\n",
       "[  0.1407283370408197  0.37340428909713097 0.022240364812021057  0.07048105490363249  0.19293026292396273  0.20021569122243316]\n",
       "[ 0.06705345268863451   0.1432300367550686  0.28781588896814325  0.08983729874236686     0.21453492240056   0.1975284004452268]\n",
       "[ 0.25075160820209336  0.04213624017259127  0.19506922694823764  0.37827341769137557 0.045366648239725464  0.08840285874597655]\n",
       "[ 0.15026592836664554  0.19330645863575716  0.03678244550457313 0.010865434117902788   0.4904660643772306  0.11831366899789092]\n",
       "[ 0.06526320113240203  0.21076650018949555   0.1884910234519407  0.10516628465575893  0.06488921102911993   0.3654237795412828]"
      ]
     },
     "metadata": {},
     "output_type": "display_data"
    },
    {
     "data": {
      "text/html": [
       "Como <script type=\"math/tex\">Q</script> é uma matriz estocástica, todas as linhas devem somar 1. Então se somarmos as colunas de Q obtemos um vetor de uns:"
      ],
      "text/plain": [
       "Como <script type=\"math/tex\">Q</script> é uma matriz estocástica, todas as linhas devem somar 1. Então se somarmos as colunas de Q obtemos um vetor de uns:"
      ]
     },
     "metadata": {},
     "output_type": "display_data"
    },
    {
     "data": {
      "text/html": [
       "<html><script type=\"math/tex; mode=display\">\\newcommand{\\Bold}[1]{\\mathbf{#1}}\\verb|[1.|\\phantom{\\verb!x!}\\verb|1.|\\phantom{\\verb!x!}\\verb|1.|\\phantom{\\verb!x!}\\verb|1.|\\phantom{\\verb!x!}\\verb|1.|\\phantom{\\verb!x!}\\verb|1.]|</script></html>"
      ],
      "text/latex": [
       "$$\\newcommand{\\Bold}[1]{\\mathbf{#1}}\\verb|[1.|\\phantom{\\verb!x!}\\verb|1.|\\phantom{\\verb!x!}\\verb|1.|\\phantom{\\verb!x!}\\verb|1.|\\phantom{\\verb!x!}\\verb|1.|\\phantom{\\verb!x!}\\verb|1.]|$$"
      ],
      "text/plain": [
       "array([1., 1., 1., 1., 1., 1.])"
      ]
     },
     "execution_count": 2,
     "metadata": {},
     "output_type": "execute_result"
    }
   ],
   "source": [
    "# Criando uma matriz de mutação\n",
    "import numpy as np\n",
    "from itertools import cycle\n",
    "from scipy import stats as st\n",
    "n = 6\n",
    "Q = np.eye(n) + st.uniform(0,1).rvs((n,n))\n",
    "s = Q.sum(axis=1)\n",
    "s.shape = n,1\n",
    "Q /= np.ones((n,n)) * s\n",
    "show(matrix(Q))\n",
    "pretty_print(html(\"Como $Q$ é uma matriz estocástica, todas as linhas devem somar 1. Então se somarmos as colunas de Q obtemos um vetor de uns:\"))\n",
    "Q.sum(axis=1)"
   ]
  },
  {
   "cell_type": "code",
   "execution_count": 3,
   "metadata": {},
   "outputs": [
    {
     "data": {
      "text/html": [
       "<html><script type=\"math/tex; mode=display\">\\newcommand{\\Bold}[1]{\\mathbf{#1}}\\begin{array}{l}\n",
       "\\verb|[[0.1|\\phantom{\\verb!x!}\\verb|0.1|\\phantom{\\verb!x!}\\verb|0.1]|\\\\\n",
       "\\phantom{\\verb!x!}\\verb|[0.3|\\phantom{\\verb!x!}\\verb|0.3|\\phantom{\\verb!x!}\\verb|0.3]|\\\\\n",
       "\\phantom{\\verb!x!}\\verb|[0.5|\\phantom{\\verb!x!}\\verb|0.5|\\phantom{\\verb!x!}\\verb|0.5]]|\n",
       "\\end{array}</script></html>"
      ],
      "text/plain": [
       "array([[0.1, 0.1, 0.1],\n",
       "       [0.3, 0.3, 0.3],\n",
       "       [0.5, 0.5, 0.5]])"
      ]
     },
     "execution_count": 3,
     "metadata": {},
     "output_type": "execute_result"
    }
   ],
   "source": [
    "a = np.array([[.1,.3,.5]])\n",
    "a.shape = 3,1\n",
    "a*np.ones((3,3))"
   ]
  },
  {
   "cell_type": "code",
   "execution_count": 3,
   "metadata": {
    "ExecuteTime": {
     "end_time": "2021-10-04T13:24:03.439287Z",
     "start_time": "2021-10-04T13:24:03.418678Z"
    }
   },
   "outputs": [
    {
     "data": {
      "text/html": [
       "<html><script type=\"math/tex; mode=display\">\\newcommand{\\Bold}[1]{\\mathbf{#1}}\\verb|f=| \\left(\\begin{array}{r}\n",
       "0.3046252457817722 \\\\\n",
       "0.0311532001864665 \\\\\n",
       "0.4471922503706508 \\\\\n",
       "0.6687989051053951 \\\\\n",
       "0.030430053756782205 \\\\\n",
       "0.015151634667324831\n",
       "\\end{array}\\right)</script></html>"
      ],
      "text/latex": [
       "$$\\newcommand{\\Bold}[1]{\\mathbf{#1}}\\verb|f=| \\left(\\begin{array}{r}\n",
       "0.3046252457817722 \\\\\n",
       "0.0311532001864665 \\\\\n",
       "0.4471922503706508 \\\\\n",
       "0.6687989051053951 \\\\\n",
       "0.030430053756782205 \\\\\n",
       "0.015151634667324831\n",
       "\\end{array}\\right)$$"
      ],
      "text/plain": [
       "'f=' [  0.3046252457817722]\n",
       "[  0.0311532001864665]\n",
       "[  0.4471922503706508]\n",
       "[  0.6687989051053951]\n",
       "[0.030430053756782205]\n",
       "[0.015151634667324831]"
      ]
     },
     "metadata": {},
     "output_type": "display_data"
    },
    {
     "data": {
      "text/html": [
       "<html><script type=\"math/tex; mode=display\">\\newcommand{\\Bold}[1]{\\mathbf{#1}}\\verb|Q=| \\left(\\begin{array}{rrrrrr}\n",
       "0.4194730635143879 & 0.006333386415575917 & 0.1624474612693166 & 0.1229559005560127 & 0.15853004880042393 & 0.1302601394442829 \\\\\n",
       "0.020515525149425746 & 0.44808079565502495 & 0.24860132268935106 & 0.08252068154937059 & 0.16919375344999887 & 0.031087921506828757 \\\\\n",
       "0.14051986330189542 & 0.19888725201498988 & 0.3779941778106052 & 0.10764613717452759 & 0.04228283953648077 & 0.13266973016150102 \\\\\n",
       "0.20786135450074783 & 0.012939002503978237 & 0.142594713908697 & 0.3378683665455292 & 0.17196634313786613 & 0.12677021940318176 \\\\\n",
       "0.04373568028380345 & 0.13368967114773106 & 0.10440126647994409 & 0.14329610587865407 & 0.37422610144213186 & 0.2006511747677355 \\\\\n",
       "0.20969100347783437 & 0.05301439205303421 & 0.04229763726082219 & 0.224762759545287 & 0.0416396597028503 & 0.42859454796017193\n",
       "\\end{array}\\right)</script></html>"
      ],
      "text/latex": [
       "$$\\newcommand{\\Bold}[1]{\\mathbf{#1}}\\verb|Q=| \\left(\\begin{array}{rrrrrr}\n",
       "0.4194730635143879 & 0.006333386415575917 & 0.1624474612693166 & 0.1229559005560127 & 0.15853004880042393 & 0.1302601394442829 \\\\\n",
       "0.020515525149425746 & 0.44808079565502495 & 0.24860132268935106 & 0.08252068154937059 & 0.16919375344999887 & 0.031087921506828757 \\\\\n",
       "0.14051986330189542 & 0.19888725201498988 & 0.3779941778106052 & 0.10764613717452759 & 0.04228283953648077 & 0.13266973016150102 \\\\\n",
       "0.20786135450074783 & 0.012939002503978237 & 0.142594713908697 & 0.3378683665455292 & 0.17196634313786613 & 0.12677021940318176 \\\\\n",
       "0.04373568028380345 & 0.13368967114773106 & 0.10440126647994409 & 0.14329610587865407 & 0.37422610144213186 & 0.2006511747677355 \\\\\n",
       "0.20969100347783437 & 0.05301439205303421 & 0.04229763726082219 & 0.224762759545287 & 0.0416396597028503 & 0.42859454796017193\n",
       "\\end{array}\\right)$$"
      ],
      "text/plain": [
       "'Q=' [  0.4194730635143879 0.006333386415575917   0.1624474612693166   0.1229559005560127  0.15853004880042393   0.1302601394442829]\n",
       "[0.020515525149425746  0.44808079565502495  0.24860132268935106  0.08252068154937059  0.16919375344999887 0.031087921506828757]\n",
       "[ 0.14051986330189542  0.19888725201498988   0.3779941778106052  0.10764613717452759  0.04228283953648077  0.13266973016150102]\n",
       "[ 0.20786135450074783 0.012939002503978237    0.142594713908697   0.3378683665455292  0.17196634313786613  0.12677021940318176]\n",
       "[ 0.04373568028380345  0.13368967114773106  0.10440126647994409  0.14329610587865407  0.37422610144213186   0.2006511747677355]\n",
       "[ 0.20969100347783437  0.05301439205303421  0.04229763726082219    0.224762759545287   0.0416396597028503  0.42859454796017193]"
      ]
     },
     "metadata": {},
     "output_type": "display_data"
    },
    {
     "data": {
      "text/html": [
       "="
      ],
      "text/plain": [
       "'='"
      ]
     },
     "metadata": {},
     "output_type": "display_data"
    },
    {
     "data": {
      "text/html": [
       "<html><script type=\"math/tex; mode=display\">\\newcommand{\\Bold}[1]{\\mathbf{#1}}\\verb|W=f*Q=| \\left(\\begin{array}{rrrrrr}\n",
       "0.12778208507190336 & 0.001929309393475751 & 0.04948559781579049 & 0.037455471427194506 & 0.04829225507962548 & 0.0396805269937826 \\\\\n",
       "0.0006391242619105483 & 0.013959150726752181 & 0.007744726772361711 & 0.0025707833118311946 & 0.005270926871527472 & 0.0009684882420833936 \\\\\n",
       "0.06283939389175085 & 0.08894083779861808 & 0.16903606700212845 & 0.048138518326784764 & 0.018908558164379963 & 0.05932887518698865 \\\\\n",
       "0.13901744630382454 & 0.00865359070781661 & 0.09536718853595359 & 0.22596599361539824 & 0.11501090200558353 & 0.08478378393681867 \\\\\n",
       "0.0013308791021255787 & 0.004068183879751991 & 0.003176936151260843 & 0.004360508205024998 & 0.011387720384075104 & 0.0061058260345436925 \\\\\n",
       "0.003177161477720887 & 0.0008032547004979032 & 0.000640878347067004 & 0.0034055232194499653 & 0.0006309089114893155 & 0.006493908011099756\n",
       "\\end{array}\\right)</script></html>"
      ],
      "text/latex": [
       "$$\\newcommand{\\Bold}[1]{\\mathbf{#1}}\\verb|W=f*Q=| \\left(\\begin{array}{rrrrrr}\n",
       "0.12778208507190336 & 0.001929309393475751 & 0.04948559781579049 & 0.037455471427194506 & 0.04829225507962548 & 0.0396805269937826 \\\\\n",
       "0.0006391242619105483 & 0.013959150726752181 & 0.007744726772361711 & 0.0025707833118311946 & 0.005270926871527472 & 0.0009684882420833936 \\\\\n",
       "0.06283939389175085 & 0.08894083779861808 & 0.16903606700212845 & 0.048138518326784764 & 0.018908558164379963 & 0.05932887518698865 \\\\\n",
       "0.13901744630382454 & 0.00865359070781661 & 0.09536718853595359 & 0.22596599361539824 & 0.11501090200558353 & 0.08478378393681867 \\\\\n",
       "0.0013308791021255787 & 0.004068183879751991 & 0.003176936151260843 & 0.004360508205024998 & 0.011387720384075104 & 0.0061058260345436925 \\\\\n",
       "0.003177161477720887 & 0.0008032547004979032 & 0.000640878347067004 & 0.0034055232194499653 & 0.0006309089114893155 & 0.006493908011099756\n",
       "\\end{array}\\right)$$"
      ],
      "text/plain": [
       "'W=f*Q=' [  0.12778208507190336  0.001929309393475751   0.04948559781579049  0.037455471427194506   0.04829225507962548    0.0396805269937826]\n",
       "[0.0006391242619105483  0.013959150726752181  0.007744726772361711 0.0025707833118311946  0.005270926871527472 0.0009684882420833936]\n",
       "[  0.06283939389175085   0.08894083779861808   0.16903606700212845  0.048138518326784764  0.018908558164379963   0.05932887518698865]\n",
       "[  0.13901744630382454   0.00865359070781661   0.09536718853595359   0.22596599361539824   0.11501090200558353   0.08478378393681867]\n",
       "[0.0013308791021255787  0.004068183879751991  0.003176936151260843  0.004360508205024998  0.011387720384075104 0.0061058260345436925]\n",
       "[ 0.003177161477720887 0.0008032547004979032  0.000640878347067004 0.0034055232194499653 0.0006309089114893155  0.006493908011099756]"
      ]
     },
     "metadata": {},
     "output_type": "display_data"
    },
    {
     "data": {
      "text/html": [
       "Conferindo, a soma das colunas deve nos retornar o vetor <script type=\"math/tex\">f</script>:"
      ],
      "text/plain": [
       "Conferindo, a soma das colunas deve nos retornar o vetor <script type=\"math/tex\">f</script>:"
      ]
     },
     "metadata": {},
     "output_type": "display_data"
    },
    {
     "data": {
      "text/html": [
       "<html><script type=\"math/tex; mode=display\">\\newcommand{\\Bold}[1]{\\mathbf{#1}}\\verb|[0.30462525|\\phantom{\\verb!x!}\\verb|0.0311532|\\phantom{\\verb!xx!}\\verb|0.44719225|\\phantom{\\verb!x!}\\verb|0.66879891|\\phantom{\\verb!x!}\\verb|0.03043005|\\phantom{\\verb!x!}\\verb|0.01515163]|</script></html>"
      ],
      "text/latex": [
       "$$\\newcommand{\\Bold}[1]{\\mathbf{#1}}\\verb|[0.30462525|\\phantom{\\verb!x!}\\verb|0.0311532|\\phantom{\\verb!xx!}\\verb|0.44719225|\\phantom{\\verb!x!}\\verb|0.66879891|\\phantom{\\verb!x!}\\verb|0.03043005|\\phantom{\\verb!x!}\\verb|0.01515163]|$$"
      ],
      "text/plain": [
       "array([0.30462525, 0.0311532 , 0.44719225, 0.66879891, 0.03043005,\n",
       "       0.01515163])"
      ]
     },
     "execution_count": 3,
     "metadata": {},
     "output_type": "execute_result"
    }
   ],
   "source": [
    "f = st.uniform(0,1).rvs((n,1))\n",
    "show(\"f=\", matrix(f))\n",
    "show(\"Q=\",matrix(Q))\n",
    "W = f * Q \n",
    "show(\"=\")\n",
    "show(\"W=f*Q=\",matrix(W))\n",
    "pretty_print(html(\"Conferindo, a soma das colunas deve nos retornar o vetor $f$:\"))\n",
    "W.sum(axis=1)"
   ]
  },
  {
   "cell_type": "code",
   "execution_count": 4,
   "metadata": {
    "ExecuteTime": {
     "end_time": "2021-10-04T13:24:57.117892Z",
     "start_time": "2021-10-04T13:24:57.109382Z"
    }
   },
   "outputs": [],
   "source": [
    "def quasispecies(t, y):\n",
    "    \"\"\"quasispecies model\"\"\"\n",
    "    y = np.array(y)\n",
    "    y.shape = 1,n\n",
    "    d = np.dot(y,W) - sum(f*y)*y\n",
    "    return d[0]"
   ]
  },
  {
   "cell_type": "code",
   "execution_count": 5,
   "metadata": {
    "ExecuteTime": {
     "end_time": "2021-10-04T13:26:36.194118Z",
     "start_time": "2021-10-04T13:26:35.917558Z"
    }
   },
   "outputs": [],
   "source": [
    "c = cycle(['red','blue','green', 'black', 'yellow', 'orange', 'magenta', 'gray', 'pink', 'brown'])\n",
    "def plot_sol(sol):\n",
    "    #fitness medio\n",
    "    plots = list_plot([(j[0],sum(f*np.array(j[1]))) for j in sol], plotjoined=True, linestyle='-.', legend_label=r\"$\\phi$\")\n",
    "    for i in range(len(sol[0][1])):\n",
    "        co = c.__next__()\n",
    "        plots += list_plot([(j[0],j[1][i]) for j in sol],color=co, plotjoined=True, legend_label='$x_{%s}$'%i, alpha=.8, gridlines=true)\n",
    "    show(plots)\n",
    "\n",
    "T = ode_solver()\n",
    "T.algorithm = \"rk8pd\"\n",
    "T.function = quasispecies\n",
    "T.ode_solve(y_0=[1./n]*n,t_span=[0,50], num_points=500)"
   ]
  },
  {
   "cell_type": "code",
   "execution_count": 6,
   "metadata": {
    "ExecuteTime": {
     "end_time": "2021-10-04T13:26:45.952852Z",
     "start_time": "2021-10-04T13:26:44.115450Z"
    }
   },
   "outputs": [
    {
     "data": {
